n= 4
count=199
#3
[(1, 2), (1, 3), (1, 4)]
[(1, 2), (1, 3), (2, 4)]
[(1, 2), (1, 3), (4, 1)]
[(1, 2), (1, 3), (4, 2)]
[(1, 2), (2, 3), (3, 4)]
[(1, 2), (2, 3), (4, 2)]
[(1, 2), (2, 3), (4, 3)]
[(1, 2), (3, 2), (4, 2)]
#4
[(1, 2), (1, 3), (1, 4), (2, 1)]
[(1, 2), (1, 3), (1, 4), (2, 3)]
[(1, 2), (1, 3), (2, 1), (2, 4)]
[(1, 2), (1, 3), (2, 1), (3, 4)]
[(1, 2), (1, 3), (2, 1), (4, 1)]
[(1, 2), (1, 3), (2, 1), (4, 2)]
[(1, 2), (1, 3), (2, 1), (4, 3)]
[(1, 2), (1, 3), (2, 3), (2, 4)]
[(1, 2), (1, 3), (2, 3), (3, 4)]
[(1, 2), (1, 3), (2, 3), (4, 1)]
[(1, 2), (1, 3), (2, 3), (4, 2)]
[(1, 2), (1, 3), (2, 3), (4, 3)]
[(1, 2), (1, 3), (2, 4), (3, 4)]
[(1, 2), (1, 3), (2, 4), (4, 1)]
[(1, 2), (1, 3), (2, 4), (4, 2)]
[(1, 2), (1, 3), (2, 4), (4, 3)]
[(1, 2), (1, 3), (4, 2), (4, 3)]
[(1, 2), (2, 1), (3, 1), (4, 1)]
[(1, 2), (2, 1), (3, 1), (4, 2)]
[(1, 2), (2, 1), (3, 1), (4, 3)]
[(1, 2), (2, 3), (3, 1), (4, 1)]
[(1, 2), (2, 3), (3, 4), (4, 1)]
#5
[(1, 2), (1, 3), (1, 4), (2, 1), (2, 3)]
[(1, 2), (1, 3), (1, 4), (2, 1), (3, 1)]
[(1, 2), (1, 3), (1, 4), (2, 1), (3, 2)]
[(1, 2), (1, 3), (1, 4), (2, 1), (3, 4)]
[(1, 2), (1, 3), (1, 4), (2, 3), (2, 4)]
[(1, 2), (1, 3), (1, 4), (2, 3), (3, 2)]
[(1, 2), (1, 3), (1, 4), (2, 3), (3, 4)]
[(1, 2), (1, 3), (1, 4), (2, 3), (4, 3)]
[(1, 2), (1, 3), (2, 1), (2, 3), (3, 4)]
[(1, 2), (1, 3), (2, 1), (2, 3), (4, 1)]
[(1, 2), (1, 3), (2, 1), (2, 3), (4, 3)]
[(1, 2), (1, 3), (2, 1), (2, 4), (3, 1)]
[(1, 2), (1, 3), (2, 1), (2, 4), (3, 2)]
[(1, 2), (1, 3), (2, 1), (2, 4), (3, 4)]
[(1, 2), (1, 3), (2, 1), (3, 1), (4, 1)]
[(1, 2), (1, 3), (2, 1), (3, 1), (4, 2)]
[(1, 2), (1, 3), (2, 1), (3, 2), (3, 4)]
[(1, 2), (1, 3), (2, 1), (3, 2), (4, 1)]
[(1, 2), (1, 3), (2, 1), (3, 2), (4, 2)]
[(1, 2), (1, 3), (2, 1), (3, 2), (4, 3)]
[(1, 2), (1, 3), (2, 1), (3, 4), (4, 1)]
[(1, 2), (1, 3), (2, 1), (3, 4), (4, 2)]
[(1, 2), (1, 3), (2, 1), (3, 4), (4, 3)]
[(1, 2), (1, 3), (2, 1), (4, 1), (4, 2)]
[(1, 2), (1, 3), (2, 1), (4, 1), (4, 3)]
[(1, 2), (1, 3), (2, 1), (4, 2), (4, 3)]
[(1, 2), (1, 3), (2, 3), (2, 4), (3, 4)]
[(1, 2), (1, 3), (2, 3), (2, 4), (4, 1)]
[(1, 2), (1, 3), (2, 3), (2, 4), (4, 3)]
[(1, 2), (1, 3), (2, 3), (3, 2), (4, 1)]
[(1, 2), (1, 3), (2, 3), (3, 2), (4, 2)]
[(1, 2), (1, 3), (2, 3), (3, 4), (4, 1)]
[(1, 2), (1, 3), (2, 3), (3, 4), (4, 2)]
[(1, 2), (1, 3), (2, 3), (3, 4), (4, 3)]
[(1, 2), (1, 3), (2, 3), (4, 2), (4, 3)]
[(1, 2), (1, 3), (2, 4), (3, 4), (4, 1)]
[(1, 2), (1, 3), (2, 4), (3, 4), (4, 2)]
#6
[(1, 2), (1, 3), (1, 4), (2, 1), (2, 3), (2, 4)]
[(1, 2), (1, 3), (1, 4), (2, 1), (2, 3), (3, 1)]
[(1, 2), (1, 3), (1, 4), (2, 1), (2, 3), (3, 2)]
[(1, 2), (1, 3), (1, 4), (2, 1), (2, 3), (3, 4)]
[(1, 2), (1, 3), (1, 4), (2, 1), (2, 3), (4, 1)]
[(1, 2), (1, 3), (1, 4), (2, 1), (2, 3), (4, 2)]
[(1, 2), (1, 3), (1, 4), (2, 1), (2, 3), (4, 3)]
[(1, 2), (1, 3), (1, 4), (2, 1), (3, 1), (4, 1)]
[(1, 2), (1, 3), (1, 4), (2, 1), (3, 1), (4, 2)]
[(1, 2), (1, 3), (1, 4), (2, 1), (3, 2), (3, 4)]
[(1, 2), (1, 3), (1, 4), (2, 1), (3, 2), (4, 2)]
[(1, 2), (1, 3), (1, 4), (2, 1), (3, 2), (4, 3)]
[(1, 2), (1, 3), (1, 4), (2, 1), (3, 4), (4, 3)]
[(1, 2), (1, 3), (1, 4), (2, 3), (2, 4), (3, 2)]
[(1, 2), (1, 3), (1, 4), (2, 3), (2, 4), (3, 4)]
[(1, 2), (1, 3), (1, 4), (2, 3), (3, 2), (4, 2)]
[(1, 2), (1, 3), (1, 4), (2, 3), (3, 4), (4, 2)]
[(1, 2), (1, 3), (2, 1), (2, 3), (3, 1), (3, 4)]
[(1, 2), (1, 3), (2, 1), (2, 3), (3, 1), (4, 1)]
[(1, 2), (1, 3), (2, 1), (2, 3), (3, 1), (4, 2)]
[(1, 2), (1, 3), (2, 1), (2, 3), (3, 1), (4, 3)]
[(1, 2), (1, 3), (2, 1), (2, 3), (3, 4), (4, 1)]
[(1, 2), (1, 3), (2, 1), (2, 3), (3, 4), (4, 3)]
[(1, 2), (1, 3), (2, 1), (2, 3), (4, 1), (4, 2)]
[(1, 2), (1, 3), (2, 1), (2, 3), (4, 1), (4, 3)]
[(1, 2), (1, 3), (2, 1), (2, 4), (3, 1), (3, 4)]
[(1, 2), (1, 3), (2, 1), (2, 4), (3, 1), (4, 1)]
[(1, 2), (1, 3), (2, 1), (2, 4), (3, 1), (4, 2)]
[(1, 2), (1, 3), (2, 1), (2, 4), (3, 1), (4, 3)]
[(1, 2), (1, 3), (2, 1), (2, 4), (3, 2), (3, 4)]
[(1, 2), (1, 3), (2, 1), (2, 4), (3, 2), (4, 1)]
[(1, 2), (1, 3), (2, 1), (2, 4), (3, 2), (4, 3)]
[(1, 2), (1, 3), (2, 1), (2, 4), (3, 4), (4, 3)]
[(1, 2), (1, 3), (2, 1), (3, 1), (4, 1), (4, 2)]
[(1, 2), (1, 3), (2, 1), (3, 1), (4, 2), (4, 3)]
[(1, 2), (1, 3), (2, 1), (3, 2), (3, 4), (4, 1)]
[(1, 2), (1, 3), (2, 1), (3, 2), (3, 4), (4, 2)]
[(1, 2), (1, 3), (2, 1), (3, 2), (3, 4), (4, 3)]
[(1, 2), (1, 3), (2, 1), (3, 2), (4, 1), (4, 2)]
[(1, 2), (1, 3), (2, 1), (3, 2), (4, 1), (4, 3)]
[(1, 2), (1, 3), (2, 1), (3, 2), (4, 2), (4, 3)]
[(1, 2), (1, 3), (2, 1), (3, 4), (4, 1), (4, 2)]
[(1, 2), (1, 3), (2, 1), (3, 4), (4, 2), (4, 3)]
[(1, 2), (1, 3), (2, 3), (2, 4), (3, 4), (4, 1)]
[(1, 2), (1, 3), (2, 3), (2, 4), (3, 4), (4, 3)]
[(1, 2), (1, 3), (2, 3), (2, 4), (4, 1), (4, 3)]
[(1, 2), (1, 3), (2, 3), (3, 2), (4, 2), (4, 3)]
#7
[(1, 2), (1, 3), (1, 4), (2, 1), (2, 3), (2, 4), (3, 1)]
[(1, 2), (1, 3), (1, 4), (2, 1), (2, 3), (2, 4), (3, 4)]
[(1, 2), (1, 3), (1, 4), (2, 1), (2, 3), (3, 1), (3, 2)]
[(1, 2), (1, 3), (1, 4), (2, 1), (2, 3), (3, 1), (3, 4)]
[(1, 2), (1, 3), (1, 4), (2, 1), (2, 3), (3, 1), (4, 1)]
[(1, 2), (1, 3), (1, 4), (2, 1), (2, 3), (3, 1), (4, 2)]
[(1, 2), (1, 3), (1, 4), (2, 1), (2, 3), (3, 1), (4, 3)]
[(1, 2), (1, 3), (1, 4), (2, 1), (2, 3), (3, 2), (3, 4)]
[(1, 2), (1, 3), (1, 4), (2, 1), (2, 3), (3, 2), (4, 1)]
[(1, 2), (1, 3), (1, 4), (2, 1), (2, 3), (3, 2), (4, 2)]
[(1, 2), (1, 3), (1, 4), (2, 1), (2, 3), (3, 2), (4, 3)]
[(1, 2), (1, 3), (1, 4), (2, 1), (2, 3), (3, 4), (4, 1)]
[(1, 2), (1, 3), (1, 4), (2, 1), (2, 3), (3, 4), (4, 2)]
[(1, 2), (1, 3), (1, 4), (2, 1), (2, 3), (3, 4), (4, 3)]
[(1, 2), (1, 3), (1, 4), (2, 1), (2, 3), (4, 1), (4, 3)]
[(1, 2), (1, 3), (1, 4), (2, 1), (2, 3), (4, 2), (4, 3)]
[(1, 2), (1, 3), (1, 4), (2, 1), (3, 1), (4, 2), (4, 3)]
[(1, 2), (1, 3), (1, 4), (2, 1), (3, 2), (3, 4), (4, 2)]
[(1, 2), (1, 3), (1, 4), (2, 1), (3, 2), (3, 4), (4, 3)]
[(1, 2), (1, 3), (1, 4), (2, 3), (2, 4), (3, 2), (3, 4)]
[(1, 2), (1, 3), (1, 4), (2, 3), (2, 4), (3, 2), (4, 2)]
[(1, 2), (1, 3), (1, 4), (2, 3), (2, 4), (3, 2), (4, 3)]
[(1, 2), (1, 3), (1, 4), (2, 3), (2, 4), (3, 4), (4, 3)]
[(1, 2), (1, 3), (2, 1), (2, 3), (3, 1), (3, 2), (4, 1)]
[(1, 2), (1, 3), (2, 1), (2, 3), (3, 1), (3, 4), (4, 1)]
[(1, 2), (1, 3), (2, 1), (2, 3), (3, 1), (3, 4), (4, 2)]
[(1, 2), (1, 3), (2, 1), (2, 3), (3, 1), (3, 4), (4, 3)]
[(1, 2), (1, 3), (2, 1), (2, 3), (3, 1), (4, 1), (4, 2)]
[(1, 2), (1, 3), (2, 1), (2, 3), (3, 1), (4, 1), (4, 3)]
[(1, 2), (1, 3), (2, 1), (2, 3), (3, 1), (4, 2), (4, 3)]
[(1, 2), (1, 3), (2, 1), (2, 3), (3, 4), (4, 1), (4, 2)]
[(1, 2), (1, 3), (2, 1), (2, 3), (3, 4), (4, 1), (4, 3)]
[(1, 2), (1, 3), (2, 1), (2, 4), (3, 1), (3, 4), (4, 1)]
[(1, 2), (1, 3), (2, 1), (2, 4), (3, 1), (3, 4), (4, 2)]
[(1, 2), (1, 3), (2, 1), (2, 4), (3, 1), (4, 1), (4, 3)]
[(1, 2), (1, 3), (2, 1), (2, 4), (3, 2), (3, 4), (4, 1)]
[(1, 2), (1, 3), (2, 1), (2, 4), (3, 2), (3, 4), (4, 3)]
[(1, 2), (1, 3), (2, 1), (3, 2), (3, 4), (4, 1), (4, 2)]
#8
[(1, 2), (1, 3), (1, 4), (2, 1), (2, 3), (2, 4), (3, 1), (3, 2)]
[(1, 2), (1, 3), (1, 4), (2, 1), (2, 3), (2, 4), (3, 1), (3, 4)]
[(1, 2), (1, 3), (1, 4), (2, 1), (2, 3), (2, 4), (3, 1), (4, 1)]
[(1, 2), (1, 3), (1, 4), (2, 1), (2, 3), (2, 4), (3, 1), (4, 2)]
[(1, 2), (1, 3), (1, 4), (2, 1), (2, 3), (2, 4), (3, 1), (4, 3)]
[(1, 2), (1, 3), (1, 4), (2, 1), (2, 3), (2, 4), (3, 4), (4, 3)]
[(1, 2), (1, 3), (1, 4), (2, 1), (2, 3), (3, 1), (3, 2), (4, 1)]
[(1, 2), (1, 3), (1, 4), (2, 1), (2, 3), (3, 1), (3, 2), (4, 2)]
[(1, 2), (1, 3), (1, 4), (2, 1), (2, 3), (3, 1), (3, 4), (4, 1)]
[(1, 2), (1, 3), (1, 4), (2, 1), (2, 3), (3, 1), (3, 4), (4, 2)]
[(1, 2), (1, 3), (1, 4), (2, 1), (2, 3), (3, 1), (3, 4), (4, 3)]
[(1, 2), (1, 3), (1, 4), (2, 1), (2, 3), (3, 1), (4, 1), (4, 3)]
[(1, 2), (1, 3), (1, 4), (2, 1), (2, 3), (3, 1), (4, 2), (4, 3)]
[(1, 2), (1, 3), (1, 4), (2, 1), (2, 3), (3, 2), (3, 4), (4, 1)]
[(1, 2), (1, 3), (1, 4), (2, 1), (2, 3), (3, 2), (3, 4), (4, 2)]
[(1, 2), (1, 3), (1, 4), (2, 1), (2, 3), (3, 2), (3, 4), (4, 3)]
[(1, 2), (1, 3), (1, 4), (2, 1), (2, 3), (3, 2), (4, 1), (4, 3)]
[(1, 2), (1, 3), (1, 4), (2, 1), (2, 3), (3, 2), (4, 2), (4, 3)]
[(1, 2), (1, 3), (1, 4), (2, 1), (2, 3), (3, 4), (4, 2), (4, 3)]
[(1, 2), (1, 3), (1, 4), (2, 1), (3, 2), (3, 4), (4, 2), (4, 3)]
[(1, 2), (1, 3), (1, 4), (2, 3), (2, 4), (3, 2), (3, 4), (4, 2)]
[(1, 2), (1, 3), (2, 1), (2, 3), (3, 1), (3, 2), (4, 1), (4, 2)]
[(1, 2), (1, 3), (2, 1), (2, 3), (3, 1), (3, 4), (4, 1), (4, 2)]
[(1, 2), (1, 3), (2, 1), (2, 3), (3, 1), (3, 4), (4, 1), (4, 3)]
[(1, 2), (1, 3), (2, 1), (2, 3), (3, 1), (3, 4), (4, 2), (4, 3)]
[(1, 2), (1, 3), (2, 1), (2, 4), (3, 1), (3, 4), (4, 2), (4, 3)]
[(1, 2), (1, 3), (2, 1), (2, 4), (3, 2), (3, 4), (4, 1), (4, 3)]
#9
[(1, 2), (1, 3), (1, 4), (2, 1), (2, 3), (2, 4), (3, 1), (3, 2), (3, 4)]
[(1, 2), (1, 3), (1, 4), (2, 1), (2, 3), (2, 4), (3, 1), (3, 2), (4, 1)]
[(1, 2), (1, 3), (1, 4), (2, 1), (2, 3), (2, 4), (3, 1), (3, 2), (4, 3)]
[(1, 2), (1, 3), (1, 4), (2, 1), (2, 3), (2, 4), (3, 1), (3, 4), (4, 1)]
[(1, 2), (1, 3), (1, 4), (2, 1), (2, 3), (2, 4), (3, 1), (3, 4), (4, 2)]
[(1, 2), (1, 3), (1, 4), (2, 1), (2, 3), (2, 4), (3, 1), (3, 4), (4, 3)]
[(1, 2), (1, 3), (1, 4), (2, 1), (2, 3), (3, 1), (3, 2), (4, 1), (4, 2)]
[(1, 2), (1, 3), (1, 4), (2, 1), (2, 3), (3, 1), (3, 2), (4, 2), (4, 3)]
[(1, 2), (1, 3), (1, 4), (2, 1), (2, 3), (3, 1), (3, 4), (4, 1), (4, 2)]
[(1, 2), (1, 3), (1, 4), (2, 1), (2, 3), (3, 1), (3, 4), (4, 2), (4, 3)]
[(1, 2), (1, 3), (1, 4), (2, 1), (2, 3), (3, 2), (3, 4), (4, 1), (4, 3)]
[(1, 2), (1, 3), (1, 4), (2, 1), (2, 3), (3, 2), (3, 4), (4, 2), (4, 3)]
[(1, 2), (1, 3), (1, 4), (2, 3), (2, 4), (3, 2), (3, 4), (4, 2), (4, 3)]
#10
[(1, 2), (1, 3), (1, 4), (2, 1), (2, 3), (2, 4), (3, 1), (3, 2), (3, 4), (4, 1)]
[(1, 2), (1, 3), (1, 4), (2, 1), (2, 3), (2, 4), (3, 1), (3, 2), (4, 1), (4, 2)]
[(1, 2), (1, 3), (1, 4), (2, 1), (2, 3), (2, 4), (3, 1), (3, 2), (4, 1), (4, 3)]
[(1, 2), (1, 3), (1, 4), (2, 1), (2, 3), (2, 4), (3, 1), (3, 4), (4, 1), (4, 3)]
[(1, 2), (1, 3), (1, 4), (2, 1), (2, 3), (2, 4), (3, 1), (3, 4), (4, 2), (4, 3)]
#11
[(1, 2), (1, 3), (1, 4), (2, 1), (2, 3), (2, 4), (3, 1), (3, 2), (3, 4), (4, 1), (4, 2)]
#12
[(1, 2), (1, 3), (1, 4), (2, 1), (2, 3), (2, 4), (3, 1), (3, 2), (3, 4), (4, 1), (4, 2), (4, 3)]
